1611347
1611400
1612340
1612366
1612404
1612480
1613198
1615680
1617433
1617760
1619000
1619910
1630000
1631428
1633227
1732417
1770000
1778000
1820000
1840000
1890000
1910000
2431000
2695535
2695540
8410140
8410714
8410715
8410834
8410864
8411060
8411250
8412581
8413320
8413801
8413825
8414249
8414612
8414721
8414888
8415490
8415709
8416731
8416921
8417087
8417134
8417144
8417177
8417208
8417227
8418150
8418445
8418606
8418828
8418911
8419317
8419870
8420411
8423005
8423898
8440273
8440369
8440452
8440466
8440889
8441241
8441551
8441771
8442645
8443187
8443662
8443725
8443970
8444162
8444525
8444788
8445138
8446009
8446121
8446166
8446493
8447173
8447180
8447191
8447241
8447259
8447270
8447295
8447368
8447386
8447416
8447435
8447495
8447505
8447605
8447685
8447712
8447842
8447930
8448157
8448248
8448558
8448725
8448875
8449130
8450768
8451552
8452154
8452660
8452944
8453742
8454000
8454049
8454538
8454578
8455083
8455137
8455189
8458022
8459338
8459449
8459479
8459681
8460751
8461490
8463701
8465705
8467150
8467373
8467726
8468191
8468448
8468799
8469057
8469198
8510321
8510448
8510560
8510719
8511171
8511236
8511629
8511671
8511907
8512354
8512451
8512668
8512735
8512769
8512987
8513388
8513398
8513825
8514322
8514422
8514560
8514779
8515186
8515586
8515786
8515921
8516061
8516155
8516299
8516402
8516501
8516607
8516614
8516661
8516663
8516761
8516881
8516891
8516945
8516990
8517137
8517201
8517251
8517276
8517756
8517847
8518091
8518526
8518639
8518643
8518668
8518687
8518699
8518750
8518902
8518903
8518905
8518924
8518934
8518951
8518962
8518995
8519050
8519436
8519483
8531142
8531223
8531232
8531262
8531369
8531390
8531463
8531680
8531804
8533051
8533365
8533615
8534319
8534468
8534720
8534770
8534836
8534883
8535055
8535375
8535419
8535581
8535835
8536110
8536581
8536931
8537121
8538512
8538886
8539094
8539487
8539993
8540433
8545240
8545530
8546252
8548989
8551762
8551910
8554399
8555889
8557380
8558690
8558814
8570280
8570283
8570536
8570649
8570691
8571091
8571117
8571359
8571421
8571559
8571579
8571616
8571702
8571773
8571858
8571892
8572271
8572342
8572467
8572669
8572770
8572955
8573349
8573364
8573704
8573903
8573927
8574070
8574459
8574680
8574683
8575512
8577004
8577188
8577330
8579542
8579997
8594900
8630111
8630249
8630308
8630315
8631044
8632200
8632366
8632837
8632869
8633532
8633777
8635027
8635150
8635257
8635750
8635985
8636580
8636653
8636941
8637289
8637590
8637624
8637689
8637712
8638017
8638339
8638421
8638424
8638433
8638445
8638450
8638464
8638481
8638489
8638495
8638610
8638660
8638671
8638863
8638901
8639207
8639348
8651370
8652247
8652437
8652547
8652587
8652648
8652678
8653951
8654400
8654467
8654792
8655875
8656084
8656201
8656467
8656483
8656590
8656841
8658120
8658163
8658579
8658741
8659084
8659182
8659897
8661070
8661139
8661419
8661437
8661684
8661703
8661989
8662006
8662071
8662245
8662299
8662746
8662931
8662953
8664022
8664545
8664662
8664941
8665099
8665530
8667295
8667633
8667999
8668498
8668918
8670424
8670681
8670870
8670893
8671086
8671314
8671315
8672667
8672875
8673171
8674301
8674975
8675761
8676808
8677344
8677406
8678124
8678322
8679511
8679758
8679964
8720004
8720011
8720012
8720023
8720030
8720051
8720059
8720098
8720145
8720189
8720196
8720198
8720211
8720213
8720214
8720218
8720219
8720220
8720224
8720225
8720226
8720242
8720291
8720357
8720406
8720434
8720503
8720554
8720582
8720587
8720625
8720651
8720692
8720757
8720767
8720774
8720832
8721020
8721120
8721147
8721164
8721222
8721223
8721604
8721608
8721649
8722125
8722208
8722213
8722219
8722548
8722588
8722669
8722670
8722706
8722718
8722761
8722802
8722816
8722859
8722899
8722956
8723080
8723165
8723170
8723178
8723214
8723289
8723355
8723409
8723423
8723465
8723506
8723534
8723962
8723970
8724493
8724571
8724580
8724635
8724671
8724698
8724963
8724964
8724967
8724991
8724996
8725019
8725110
8725319
8725325
8725351
8725362
8725377
8725391
8725451
8725488
8725520
8725541
8725577
8725649
8725685
8725745
8725791
8725809
8725837
8725858
8726034
8726265
8726347
8726364
8726384
8726436
8726520
8726539
8726607
8726639
8726667
8726674
8726724
8726738
8726917
8727151
8727235
8727246
8727274
8727277
8727293
8727306
8727328
8727333
8727336
8727343
8727348
8727359
8727520
8727648
8727843
8728130
8728229
8728360
8728408
8728412
8728464
8728486
8728488
8728619
8728626
8728669
8728690
8728694
8728711
8728757
8728786
8728853
8728912
8728949
8728957
8728958
8729108
8729132
8729197
8729210
8729425
8729479
8729501
8729547
8729572
8729678
8729702
8729736
8729738
8729747
8729753
8729791
8729806
8729807
8729816
8729824
8729840
8729905
8729909
8729941
8730561
8730667
8730849
8731269
8731439
8732828
8733502
8733821
8733839
8735180
8735181
8735391
8735523
8736897
8737048
8737138
8737373
8738043
8739803
8740166
8740405
8741041
8741196
8741533
8741798
8742205
8742221
8742523
8743081
8743181
8743281
8743301
8743495
8743639
8743735
8743812
8743838
8744117
8744284
8744663
8744671
8744756
8744934
8745101
8745555
8745557
8746819
8747437
8747766
8760417
8760551
8760668
8760721
8760849
8760889
8760922
8760943
8761305
8761385
8761402
8761529
8761720
8761724
8761742
8761819
8761826
8761899
8761927
8762075
8762084
8762184
8762223
8762372
8762483
8762888
8762928
8763535
8763843
8764025
8764044
8764227
8764311
8764314
8765148
8765251
8765746
8765785
8765969
8765994
8766072
8766941
8767095
8767403
8767816
8767911
8767961
8768094
8768772
8769858
8770475
8770520
8770539
8770542
8770559
8770570
8770597
8770613
8770625
8770653
8770733
8770743
8770752
8770777
8770808
8770822
8770931
8770933
8770971
8771013
8771050
8771074
8771081
8771165
8771262
8771328
8771341
8771367
8771416
8771450
8771486
8771510
8771722
8771972
8772391
8772440
8772447
8772471
8772479
8772985
8773037
8773146
8773259
8773701
8773767
8773808
8773896
8774230
8774513
8774652
8774770
8775083
8775131
8775132
8775188
8775222
8775237
8775241
8775244
8775270
8775283
8775296
8775421
8775792
8775870
8778485
8779280
8779748
8779749
8779750
8779770
8779911
9410032
9410079
9410135
9410155
9410170
9410196
9410230
9410580
9410660
9410680
9410840
9411270
9411340
9411399
9411406
9412110
9412802
9413450
9413631
9413643
9413651
9413663
9414131
9414290
9414305
9414317
9414358
9414392
9414458
9414501
9414509
9414523
9414575
9414688
9414746
9414750
9414764
9414767
9414806
9414811
9414816
9414819
9414863
9414874
9414958
9415020
9415021
9415056
9415064
9415102
9415105
9415112
9415143
9415144
9415193
9415218
9415229
9415252
9415265
9415316
9415338
9415423
9415584
9416409
9416841
9417426
9418024
9418637
9418723
9418767
9418817
9419551
9419750
9419945
9431011
9431647
9432436
9432780
9433445
9433501
9434068
9434098
9434939
9435308
9435380
9435827
9435992
9436381
9437381
9437540
9437585
9437954
9438772
9439011
9439040
9439099
9439189
9439201
9439221
9440047
9440079
9440083
9440171
9440357
9440422
9440482
9440483
9440569
9440581
9440650
9440747
9440875
9440910
9441102
9441187
9441644
9442396
9442705
9443090
9443361
9443551
9444090
9444900
9445016
9445133
9445478
9445958
9446291
9446484
9446705
9446804
9446807
9447130
9447659
9447717
9447773
9447883
9447973
9448009
9448043
9448576
9448601
9448614
9448657
9448682
9449161
9449424
9449639
9449679
9449746
9449771
9449828
9449856
9449880
9449911
9449932
9449982
9449988
9450251
9450286
9450296
9450314
9450364
9450460
9450463
9450551
9450623
9450625
9450642
9450711
9450753
9450914
9450970
9450997
9450998
9451005
9451012
9451037
9451054
9451074
9451124
9451152
9451204
9451247
9451263
9451287
9451317
9451346
9451349
9451421
9451422
9451434
9451438
9451467
9451497
9451528
9451600
9451625
9451741
9451785
9451805
9451853
9451936
9451953
9452210
9452294
9452328
9452400
9452421
9452438
9452584
9452611
9452634
9452749
9453220
9453443
9454050
9454240
9454329
9454561
9454562
9454564
9454571
9454616
9454652
9454662
9454691
9454721
9454751
9454755
9454814
9454949
9455090
9455120
9455145
9455146
9455151
9455159
9455204
9455500
9455517
9455558
9455595
9455606
9455653
9455711
9455732
9455735
9455760
9455866
9455869
9455912
9455920
9455934
9455963
9456717
9456901
9457287
9457292
9457376
9457391
9457393
9457407
9457493
9457512
9457527
9457535
9457634
9457724
9457726
9457728
9457804
9458209
9458293
9458519
9458665
9458907
9458964
9459016
9459163
9459251
9459450
9459465
9459758
9459881
9459949
9460150
9461380
9461710
9462450
9462620
9462645
9462662
9462676
9462694
9462705
9462711
9462719
9462721
9462723
9462782
9462786
9462787
9462808
9462941
9462948
9462955
9462961
9463502
9463885
9464075
9464212
9464512
9464874
9464961
9465056
9465123
9465137
9465173
9465203
9465234
9465249
9465261
9465265
9465283
9465374
9465396
9465419
9465601
9465831
9465911
9465951
9465953
9465988
9466012
9466057
9466084
9466153
9466197
9466217
9466298
9466328
9466477
9466563
9466931
9467124
9467551
9467645
9467701
9467861
9468039
9468132
9468151
9468258
9468261
9468283
9468333
9468691
9468756
9468863
9469031
9469237
9469239
9469338
9469439
9469515
9469751
9469833
9469854
9490096
9490424
9490571
9491094
9491253
9491873
9494212
9494935
9497645
9497649
9497778
9499176
9500966
9635000
9640507
9650593
9662957
9710441
9751082
9751084
9751219
9751274
9751309
9751364
9751373
9751381
9751388
9751389
9751401
9751417
9751419
9751467
9751472
9751494
9751561
9751567
9751574
9751583
9751584
9751639
9751693
9751749
9751768
9751774
9752062
9752235
9752426
9752619
9752695
9752813
9752962
9752998
9753182
9753216
9753641
9753766
9754057
9754228
9754487
9754986
9755371
9755679
9755971
9756567
9756639
9757487
9757809
9758053
9758627
9759110
9759173
9759183
9759189
9759197
9759394
9759412
9759421
9759866
9759938
9761115
